[174.231, 264.149, 396.569, 603.695]
[315.415, 262.955, 290.213, 262.295, 247.939, 617.822]
[411.863, 349.22, 414.073, 351.51, 870.055]
[330.718, 331.818, 626.862]
[131.862, 103.046, 240.447, 239.312, 630.729]
[281.68, 314.713, 281.018, 312.072, 329.163, 310.705, 235.279, 175.211, 147.216, 604.678]
[176.855, 236.425, 248.518, 371.47, 319.333, 353.016, 338.126, 445.802, 495.43, 598.439]
[129.267, 622.537]
[229.5, 131.989, 222.293, 250.784, 283.215, 314.824, 333.771, 349.189, 198.935, 625.889]
[630.135, 628.147]
