0 0 0 0 0 0 0 0 0 0 0 0 0 0 0 0 0 0 0 0 0 0 0 0 0 0
54 54
0 0
54 54 54 54 54 54 54 54 54 54 54 54 54 54 54 54 54 54 54 53 49 49 49 50 50 50 50 50 50 50 49 50 50 50 50 49 49 50 50 50 49 49 49 50 49 49 51 52 52 52 52 52 52 52 52 52 52 52 52 52 52 52 52 52 52 52 52 52 52 52
0 0 0
52 52 52 52 52 52
0 0 0 0 0 0 0 0 0 0 0 0 0 0 0 0 0 0 0 0 0 0 0 0 0 0 0 0 0 0 0 0 0 0 0 0 0 0 0 0 0 0 0 0 0 0
58 57 57 56 56 57 57 57 57 57 57 57 57 57 57 57 57 57 57 57 57 57 57 58 59 61 62 63 63 63 63 63 63 63 63 63 63 63 63 63 63 63 63 63 63 63 63 63 62 63 62 62 62 62 62 61 61 61 61 61 61 61 61 61 61 61 61 61 61 61 60 59 58 57 57 57 57 57 57 57 57 57 57 57 57 57 57 57 57 57 57 58 59 59 58 58 58 58 58 58 58 58 58 58 58 58 58 58 58 58 59 59 58 58
0 0 0 0 0 0 0 0 0 0 0 0 0 0 0 0 0 0 0 0 0 0 0 0 0 0 0 0 0 0 0 0 0 0 0 0 0 0 0 0 0 0 0 0 0 0 0 0 0 0 0 0 0 0 0 0 0 0 0
57 58 58 58 58 58 58 58 58 58 58 58 58 58 58 57 53 54 54 55 55 55 55 55 55 55 55 55 55 55 55 55 55 55 55 55 55 55 55 55 54 54 54 54 54 54 54 54 54 54 54 54 54 53 53 53 53 53 53 53 53 53 53 53 53 53 53 53 53 53 53 53 53 53 53 53 53 53 53 51 50 50 50 50 50 50 50 50 50 50 50 50 50 50 50 50 50 50 50 50 49 48 49 49 49 49 49 49 49 49 49 49 49 49 49 49 49 49 53 53 54 54 54 54 54 54 54 54 54 54 54 54 54 54 54 54 54 54 54 54 55
0 0 0 0 0 0 0 0 0 0 0 0 0 0 0 0 0 0 0 0 0 0 0 0 0 0 0 0 0 0 0 0 0 0 0 0 0 0 0 0 0 0
52 52 52 52 52 52 52 52 52 52 52 52
0 0 0 0 0
55 55 54 54 54 54 54 54 54 54 54 54 54 54 54 54 55 54 54 54 55 55 55
0 0 0 0
60 60 60 60 59 59 59 59 59 59 59 60 60 60 60 60 60 60 59 60 60 60 60 60 61 63 65 65 65 65 66 65 65 65 65 65 65 65 65 66 65 65 65 65 65 65 65 65 65 66 66 67 68 68 68 68 69 69 69 69 68 68 68 69 69 69 69 69 68 68 68 68 66 66 66 66 66 66 66 66 66 66 66 66 66 66 66 66 66 66 66 66 65 66 66 64 65 65 66 66 66 64 62 61 61 61 61 61 61 61 61 61 61 61 61 61 61 61 60 60 59 59 59 59 59 59 59 59 59 59 59 59 58 58 58 58 58 58 58 58 58 58 58 59 58 57 57 58 58 58 57
0 0 0 0 0 0 0 0 0 0 0 0 0 0 0 0 0 0 0 0 0
104
0 0 0 0 0 0 0 0 0 0 0 0 0 0 0 0 0 0 0 0 0 0
60 60 60 59 59 59 59 59 59 59 59 59 58 58 58 58 58 58 58 58 57 56 56 56 56 56 56 56 56 56 56 56 56 56 56 56 56 57 59 59 58 58 58 58 58 58 58 58 58 58 58 58 58 58 58 58 58 58 57 55 55 54 54 54 54 54 53 53 54 54 54 53 54 54 54 54 54 54 54 54 52 54 54 56 57
0 0 0 0 0 0 0 0 0 0 0 0 0 0 0 0 0 0 0 0 0 0 0 0 0 0 0 0 0 0 0 0 0 0 0 0 0 0 0 0 0
53 53 53 53 55 54 54 54 54 54 54 53 53 53 54 57 58 58 58 58 58 58 58 57 55 55 56 56 56 56 56 56 56 56 56 56 56 56 57 59 59 59 59 59 58 59 59 59 59 59 59 58 58 58 58 58 58 58 58 58 58 58 58 59 60 62 62 61 61 61 61 61 61 61 61 61 62 63 65 66 66 66 66 67 66 66 66 66 66 66 66 65 64 63 63 63 63 62 62 62 62 62 62 62 62 62 62 62 62 61 61 61 61 61 61 61 62 62 60 59 58 58 58 58 58 58 58 58 58 58 58 58 58 58 59 59 59 59 59 59 59 58 59 59 59 58 58 58 59 59 59 59 59 59 59 59 58 57 55 55 55 55 55 55 55 55 55 55 55 55 55 55 55 55 55 55 55 55 55 55 55 55 55 55 55 56 57 58 58 57 57 57 57 57 57 57 57 57 57 57 57 57 57 57 57 57 57 57 57 57 58 57 58 58 58 59 58 58 58 58 58 58 58 58 58 58 58 58 58 59 59 59 59 59 59 60 60 59 59 59 59 59 59 59 59 59 60 60 59 59 60 60 60 60 59 59
0 0 0 0 0 0 0 0 0 0 0 0 0 0 0 0 0 0 0 0 0 0 0 0 0 0 0 0 0 0 0 0 0 0 0 0 0 0 0 0 0 0 0 0 0 0 0 0 0 0 0 0 0 0 0 0 0 0 0 0 0 0 0 0 0 0 0 0 0 0 0 0 0 0 0 0 0 0
56 56 58 58 58 58 58 58 58 58 58 58
0 0 0 0 0 0 0 0 0 0 0 0 0 0
54 54 54 54 53 54 54 56 57 57 55 55 56 56 55 55 55 56 56 56 56 56 55 55 56 56 56 56 56 55 55 55 56 56 55 55 55 55 52 52 52 52 52 52 52 53 53 53 53 53 53 53 53 53 53 53 53 53 53 53 53 53 53 53 53 53 53 53 53 53 53 53 53 53 53 53 53 53 53 53 53 53 53 53 53 53 53 54 54 54 54 54 54 54 54 54 54 54 54 54 54 54 54 54 54 54 54 54 53 54 54 53 53 54 54 54 53 53 53 54 54 54 54
0 0 0 0 0 0 0 0 0 0 0 0 0 0 0 0 0 0 0 0 0 0 0
